}
1,1004504213515;
1,1000259939593;
1,1008877725281;
1,1009252176013;
1,1008404838617;
1,1000160575408;
1,1008025556863;
1,1000484995910;
1,1009638671692;
1,1006519004946;
1,1009139366814;
1,1008043097817;
1,1009525319963;
1,1004989871114;
1,1009584772536;
1,1006276349262;
1,1006219537205;
1,1008203205839;
1,1000476312989;
1,1008011249667;
1,1004048066570;
1,1008954119202;
1,1008640431482;
1,1008960544187;
1,2486155490;
1,1007829891600;
1,1008880970088;
1,2414503637;
1,1009036751157;
1,1009879805683;
1,1008042235913;
1,1006841115865;
1,1009869945505;
1,1007751196890;
1,1010486471484;
1,2420960999;
1,1007641220642;
1,1001791713276;
1,1009037571666;
1,1010811794519;
1,1007970864045;
1,1007400077911;
1,1007775721356;
1,1003404537548;
1,1009992309619;
1,1009067354649;
1,1007229064640;
1,1008882520286;
1,1005724076403;
1,1002347513706;
1,1008742738373;
2,1008870335472;
2,1007649448031;
2,1007998622310;
2,1000142510354;
2,1007892814970;
2,1008609923968;
2,1006764780045;
2,1012206586065;
2,1002011984661;
2,1007128014442;
2,1009046708492;
2,1010972152572;
2,1008155767622;
2,1009759207741;
2,1010118971878;
2,1001108542813;
2,1006784949113;
2,1007872564282;
2,1003762076142;
2,1008972889805;
2,1008964290759;
2,1012677552858;
2,1003829495134;
2,1012172367534;
2,1006205442969;
2,1007854016241;
2,1006808508233;
2,1010100108793;
2,1007804873290;
2,2334578938;
2,1008819556978;
2,1008773586413;
2,1007294673714;
2,1009829564320;
2,1000050911301;
2,1009976640607;
2,1008034630022;
2,1008718596481;
2,1010604562101;
2,1008856320737;
2,1009108317756;
2,1008105605016;
2,1007945387564;
2,1009619724740;
2,1008127656920;
2,1006879852953;
2,1000327943445;
2,1006825739730;
2,1008312464709;
2,1007530260290;
2,1007610011645;
2,1008065710853;
2,1008625272925;
2,1007894481596;
2,1010494438633;
2,1009453771923;
2,1006252021244;
2,1008077007783;
2,1007840881476;
2,1008087845521;
2,1010195407698;
2,1008132665388;
2,1012117575221;
2,1008685306449;
2,1003678350325;
2,1006580988041;
2,1009038333499;
2,1006653619448;
2,1001109104089;
2,1008838457408;
2,1000310598708;
2,1006824709595;
2,1008144553993;
2,1006598810219;
2,1006825895358;
2,1007948265493;
2,1003883215136;
2,1002086318761;
2,1009020733548;
2,1007615832298;
2,1001599755626;
2,1008376240250;
2,1007834248292;
2,1009062561136;
2,1008785153713;
2,1007816802296;
2,1009051393571;
2,1005822363510;
2,1009084112132;
2,1008348758076;
1,2288950413;
1,2768378152;
1,1007422922441;
1,1010930404873;
1,1009129347564;
1,1009787568262;
1,1008891524913;
1,1006874441450;
1,1009358754932;
1,1004874025016;
1,1012034150032;
1,1008732728264;
1,1008405286937;
1,1008148255932;
1,1007543271918;
1,1009354352387;
1,1007953014357;
1,2526353725;
1,1002860939964;
1,2432341944;
1,1008970108657;
1,1007365808922;
1,1009036320473;
1,1005790094849;
1,1009057918350;
1,1007717271735;
1,1003869693738;
1,1009120900882;
1,1005925886332;
1,1008914578862;
1,1009332336890;
1,1007744031513;
1,1000517598826;
1,1004776072952;
1,1000100980551;
1,1000474192304;
1,1005919759853;
1,1010155770293;
1,2427536079;
1,1002202568553;
1,1000630529574;
1,1006151301031;
1,1007376033440;
1,1003686784387;
1,2433227295;
1,1005098009612;
1,1011387097001;
1,1007858496447;
1,2353404375;
1,1001796117880;
1,2392013248;
1,1005513616741;
1,2775433557;
1,1008795761561;
1,1008896752504;
1,1005641601748;
1,1005471995367;
1,1009023700820;
1,1005907947610;
1,1000356145125;
1,1010658422039;
1,1008062473193;
1,1013128384828;
1,1003608753001;
1,1009550491423;
1,1007848623124;
1,2356297674;
1,1007815013904;
1,1009821823447;
1,1009985214916;
1,1009129900640;
2,1009832831910;
2,1008890519124;
2,1007562248517;
2,1003532928456;
2,1000121113569;
2,1000268154632;
2,1003326381839;
2,1009146839685;
2,1008273346190;
2,1007903032308;
2,1007071828990;
2,1005736460135;
2,1006623034196;
2,1008716008168;
2,1002951969586;
2,1002012104699;
2,1000310137624;
2,1007863031032;
2,1009911337717;
2,1010319170020;
2,1009749705953;
2,1006847647215;
2,1009104622076;
2,1007856088428;
2,1007178965081;
2,1008350479454;
2,1008133873367;
2,1000216566905;
2,1008950334625;
2,1009222900705;
2,1010229233136;
2,1008051679564;
2,1000111309594;
2,1011704108948;
2,1001360706895;
2,2580893072;
2,1003898254607;
2,1005751438495;
2,1008849112141;
2,1011108213962;
2,1009517865323;
2,1008023023527;
2,1007967290454;
2,1010572021777;
2,1007937698576;
2,2412313446;
2,1010581928236;
2,1011461783495;
2,2277637653;
2,1008877511694;
2,1008924005741;
2,1008538266265;
2,1000764787313;
2,1008702189206;
2,2270596444;
2,1007628196567;
2,1008093806341;
2,1007868099835;
2,2832899474;
2,1007976020876;
2,1005934279987;
2,1010581951043;
2,1009118159896;
2,1012346310083;
2,1012075501329;
2,1000281315993;
2,1006652704856;
2,1011259862838;
2,1008837338860;
2,1002169134673;
2,1009967609877;
2,1009389913637;
2,1007887631060;
2,1010725229385;
2,1009040726653;
2,1008191081651;
2,1012235120465;
2,1008850500345;
2,1007287843745;
2,1008263887754;
2,1009655761104;
2,1000213366399;
2,1009344159091;
2,1006291721429;
2,1005459034640;
2,1009342950520;
2,1008904550246;
2,1009440136597;
2,1011810102569;
2,1009170064275;
2,1000499944505;
2,1000655555364;
2,1007950449614;
2,1008821396988;
2,1009677546384;
2,1007980091114;
2,1007928631860;
2,1008288846417;
2,1009067358756;
2,1000380902857;
2,1005876141200;
1,1000062352913;
1,1009058576392;
1,1003279794876;
1,1008935732920;
1,2332188401;
1,1000170997629;
1,2298532324;
1,1008810336255;
1,2279259812;
1,1006162359940;
1,1001198912046;
1,2841845092;
1,1008791162421;
1,1002522590951;
1,1000871325640;
1,1003815289131;
1,1007698582641;
1,1000317971275;
1,1008621412819;
1,1003696945279;
1,1008881993919;
1,2489793261;
1,1000056785798;
1,1000070310356;
1,1007215053974;
1,2423372245;
1,1007987557909;
1,2329002886;
1,2316806708;
1,1007766655959;
1,1009376012987;
1,1008992183739;
1,1003636555892;
1,2836246988;
1,1006448229965;
1,1000201958872;
1,1007974856521;
1,1009027718505;
1,1008883937148;
1,1000194939529;
1,1008968317821;
1,1006804347755;
1,2841824337;
1,1002907924199;
1,2790901938;
1,1007791871090;
1,1000098986561;
1,1002985916026;
1,2788487552;
1,1007274801182;
1,1000299935714;
1,1009140784298;
1,1009510215168;
1,1002481962732;
1,2376400609;
1,1008878265362;
2,2412831638;
2,2544518273;
2,1003055730898;
2,1009150579314;
2,2389188597;
2,2334960155;
2,1000431174088;
2,2818864060;
2,2808702893;
2,2322529980;
2,1011558951137;
2,1007162110478;
2,2317262102;
2,2283084058;
2,1004253462336;
2,1000067332524;
2,1008062662919;
2,1000197130735;
2,1008048654331;
2,1003163771082;
2,2441433361;
2,2416897154;
2,1000551700964;
2,1000465744672;
2,1003103776463;
2,2333362036;
2,2293965521;
2,2441415143;
2,1007821099599;
1,1012110518280;
1,1000242550538;
1,1003105960650;
2,1008969567865;
2,1003478710888;
2,1006817549590;
2,1007868490429;
2,2319418869;
2,1008633771133;
2,1006573243769;
2,2424713210;
2,1008679305032;
2,2391468382;
2,2319087717;
2,2371103934;
1,1002751716413;
1,1007932064717;
1,1009061593089;
1,1008747110778;
1,2806117224;
1,1009073551772;
1,1006496436518;
1,1007404618881;
1,1008750046408;
1,1007871274991;
1,1007767623933;
1,1007953473781;
1,1006888329733;
1,1000277189202;
1,1003177951589;
1,1006324179588;
1,1007187729691;
1,2316895519;
1,2305250293;
1,1006387444742;
1,2550415709;
1,2842708319;
1,1007340027525;
1,2813429632;
1,1000301388710;
1,1009067960369;
1,2823113896;
1,1008933367077;
1,1000192946189;
1,1011048987517;
1,1007864290879;
1,1004541227070;
1,1003126571324;
1,1009450908428;
1,1002848144810;
1,1009064709113;
1,1004308661561;
1,1002654942758;
1,1002896792850;
1,2255316960;
1,1008659680052;
1,1000289995853;
1,1010874455672;
1,1004588431813;
1,1009640761618;
1,1007942392705;
1,1000499194745;
1,1000443907258;
1,1006259644522;
1,1003683527065;
1,1001437176616;
1,1008923726162;
1,1008115679330;
1,1008176157879;
1,1003935249690;
1,1006224645676;
1,2361397516;
1,1012309167322;
1,1007649649962;
1,1005097422990;
1,1005716934920;
1,2542653696;
1,1000528948609;
1,1007863297360;
1,1001963761120;
1,1000532338523;
1,2268497707;
1,1000022554489;
1,1002869998059;
1,2348675154;
1,1008061957244;
1,1004545857746;
1,1002879341313;
1,1010791304069;
1,2497769561;
1,1007942132234;
1,1008786770571;
1,1007886030541;
1,1007172461333;
1,1003192313214;
1,1008856502905;
1,1003944652988;
1,1000641526219;
1,2250191893;
1,1008946185386;
1,2288106358;
1,2399312261;
1,1007677647640;
1,2439615486;
2,1007470253804;
2,1002891191646;
2,2401173227;
2,1003142178591;
2,1007396471959;
2,1003065326975;
2,1009133752068;
2,1000324953956;
2,1000133526766;
2,1000119715438;
2,1000104916026;
2,1009071706428;
2,1007961681801;
2,1011064265714;
2,1002951529869;
2,1007906664333;
2,1003135122829;
2,1008526072641;
2,1009018764233;
2,2838147185;
2,2434041918;
2,1001297118076;
2,2407039354;
2,1003752164592;
2,2315889017;
2,1000179347723;
2,2837104125;
2,1008144605608;
2,1010839979011;
2,1006247843700;
2,1006517003418;
2,1001139384068;
2,1007287258036;
2,2546369203;
2,2548224681;
2,1008221806549;
2,1010842134793;
2,2315163108;
2,1008947960809;
2,1000591189795;
2,1007998639322;
2,2375272390;
2,1002837540762;
2,1007351062257;
2,1002281345318;
2,1003262954220;
2,1008005698358;
2,1007658623554;
2,1000110122511;
2,2309534945;
2,2433060906;
2,1009734703806;
2,2799311619;
2,1009111528632;
2,1006298443432;
2,2820892192;
2,2338642054;
2,2289677575;
2,1005123083138;
2,1004882840344;
2,1006547055929;
2,1011661854976;
2,1004636222998;
2,1002039304732;
2,1008767120210;
2,1007886698236;
2,1003007195052;
2,2354750365;
2,1006617599397;
2,1007016533436;
2,2282251742;
2,1011038384612;
2,1000139018547;
2,1010465377990;
2,1003489395118;
2,1001415160678;
2,1008017455191;
2,1010576394474;
2,1000042392466;
2,1007838066601;
2,1009264109397;
2,1003916631312;
2,1007605560106;
2,1007927688149;
2,1006696398609;
1,1003696933987;
1,1000168328496;
1,1012955317076;
1,1005986514926;
1,1008604404422;
1,1003339157346;
1,1008532354842;
1,1001102934500;
1,1002510126137;
1,1009208784875;
1,1006953077820;
1,1002580913246;
1,1010026738573;
1,1008939370770;
1,1004351444956;
1,1008949370014;
1,2380352199;
1,1003885874282;
1,1011018202137;
1,1009069134350;
1,1007070699890;
1,1012586987095;
1,1012743367748;
1,1009052128987;
1,1008506961859;
1,2443627743;
1,1008246207627;
1,1013576150392;
1,1002905770119;
1,1002029591161;
1,1009256564144;
1,1000271741004;
1,1000501730511;
1,2810392404;
1,1007695919133;
1,1008195464717;
1,1009764663590;
1,1008892719906;
1,1003186503730;
1,1000566702395;
1,1002741163869;
1,2716963345;
1,1007808882113;
1,2829272377;
1,1003164372547;
1,1008287769254;
1,1006284001926;
1,1010510533339;
1,1011732581380;
1,1009971415411;
1,1000484128415;
1,1002650384273;
1,1007882664880;
1,1002988353716;
1,1007454439151;
1,1009532472005;
1,1008296591199;
1,1007318522678;
1,1000507121181;
1,2302140059;
1,2830291815;
1,1007932424849;
1,1009833205209;
1,1003761401162;
1,1003705754897;
1,1007636872593;
1,1009129502049;
1,1009721972905;
1,1007982724306;
2,1005373825333;
2,1008912222158;
2,1002121379119;
2,1002846170889;
2,1008042229777;
2,1009166517043;
2,1006098842265;
2,2361389019;
2,2836280410;
2,1001245342540;
2,1007463521605;
2,1010746937102;
2,1000693194386;
2,1009035554069;
2,1007651823052;
2,1002605911682;
2,1007741854293;
2,2503880218;
2,1012491594155;
2,1004769679856;
2,2836648752;
2,1009101881635
}